# Proportional derivative controller parameters
Gains: {K1x: 2.05, 
        K1y: 2.05, 
        K1z: 0.01, 
        K1yaw: 0.009172,
        K2x: 5.45, 
        K2y: 5.45, 
        K2z: 0.1, 
        K2yaw: 0.036114,
        K3x: 0,
        K3y: 0,
        K3z: 0,
        K3yaw: 0,
        K4x: 0,
        K4y: 0,
        K4z: 0,
        K4yaw: 0}
Reference_Gains: {X: 0,
                  Y: 0,
                  Z: 0,
                  Yaw: 0}
Lambda: {X: 1.3151,
         Y: 1.3151,
         Z: 4.6697}
Mass: 0.5
Sigma: 0.8
Disable_Commands: False